2
20
100
0 17
0 13
0 7
1 6
1 3
1 2
2 4
2 11
2 2
2 5
3 17
3 3
3 13
3 5
3 13
4 18
4 3
4 2
4 8
4 17
5 12
5 17
5 19
5 12
5 17
5 16
5 16
5 5
5 3
5 5
6 14
6 19
6 9
6 7
6 5
7 15
7 4
7 5
7 7
7 5
7 7
7 6
8 15
8 17
8 15
8 18
9 15
9 13
10 3
10 16
11 15
12 7
12 3
12 10
12 16
12 7
13 12
13 14
13 16
13 4
13 10
13 18
13 13
13 18
14 17
14 14
14 15
14 12
14 14
14 2
15 14
15 13
15 5
15 19
15 13
15 8
15 1
16 6
16 0
16 6
16 4
16 17
17 5
17 17
17 12
17 4
17 9
17 6
17 0
17 15
17 7
17 14
18 0
18 5
18 8
18 8
19 1
19 1
19 17
19 19
20
100
0 17
0 13
0 7
1 6
1 3
1 2
2 4
2 11
2 2
2 5
3 17
3 3
3 13
3 5
3 13
4 18
4 3
4 2
4 8
4 17
5 12
5 17
5 19
5 12
5 17
5 16
5 16
5 5
5 3
5 5
6 14
6 19
6 9
6 7
6 5
7 15
7 4
7 5
7 7
7 5
7 7
7 6
8 15
8 17
8 15
8 18
9 15
9 13
10 3
10 16
11 15
12 7
12 13
12 10
12 16
12 7
13 12
13 14
13 16
13 4
13 10
13 18
13 13
13 18
14 17
14 14
14 15
14 12
14 14
14 2
15 14
15 13
15 5
15 19
15 13
15 8
15 1
16 6
16 0
16 6
16 4
16 17
17 5
17 17
17 12
17 4
17 9
17 6
17 0
17 15
17 7
17 14
18 0
18 5
18 8
18 8
19 1
19 1
19 17
19 19
