0
101
202
303
404
505
606
707
808
909
1010
1111
1212
1313
1414
1515
1616
1717
1818
1919
2020
2121
2222
2323
2424
2525
2626
2727
2828
2929
3030
3131
3232
3333
3434
3535
3636
3737
3838
3939
4040
4141
4242
4343
4444
4545
4646
4747
4848
4949
5050
5151
5252
5353
5454
5555
5656
5757
5858
5959
6060
6161
6262
6363
6464
6565
6666
6767
6868
6969
7070
7171
7272
7373
7474
7575
7676
7777
7878
7979
8080
8181
8282
8383
8484
8585
8686
8787
8888
8989
9090
9191
9292
9393
9494
9595
9696
9797
9898
9999
10000
10001
9900
9799
9698
9597
9496
9395
9294
9193
9092
8991
8890
8789
8688
8587
8486
8385
8284
8183
8082
7981
7880
7779
7678
7577
7476
7375
7274
7173
7072
6971
6870
6769
6668
6567
6466
6365
6264
6163
6062
5961
5860
5759
5658
5557
5456
5355
5254
5153
5052
4951
4850
4749
4648
4547
4446
4345
4244
4143
4042
3941
3840
3739
3638
3537
3436
3335
3234
3133
3032
2931
2830
2729
2628
2527
2426
2325
2224
2123
2022
1921
1820
1719
1618
1517
1416
1315
1214
1113
1012
911
810
709
608
507
406
305
204
103
104
105
206
307
408
509
610
711
812
913
1014
1115
1216
1317
1418
1519
1620
1721
1822
1923
2024
2125
2226
2327
2428
2529
2630
2731
2832
2933
3034
3135
3236
3337
3438
3539
3640
3741
3842
3943
4044
4145
4246
4347
4448
4549
4650
4751
4852
4953
5054
5155
5256
5357
5458
5559
5660
5761
5862
5963
6064
6165
6266
6367
6468
6569
6670
6771
6872
6973
7074
7175
7276
7377
7478
7579
7680
7781
7882
7983
8084
8185
8286
8387
8488
8589
8690
8791
8892
8993
9094
9195
9296
9397
9498
9599
9700
9801
9902
10003
10004
10005
9904
9803
9702
9601
9500
9399
9298
9197
9096
8995
8894
8793
8692
8591
8490
8389
8288
8187
8086
7985
7884
7783
7682
7581
7480
7379
7278
7177
7076
6975
6874
6773
6672
6571
6470
6369
6268
6167
6066
5965
5864
5763
5662
5561
5460
5359
5258
5157
5056
4955
4854
4753
4652
4551
4450
4349
4248
4147
4046
3945
3844
3743
3642
3541
3440
3339
3238
3137
3036
2935
2834
2733
2632
2531
2430
2329
2228
2127
2026
1925
1824
1723
1622
1521
1420
1319
1218
1117
1016
915
814
713
612
511
410
309
208
107
108
109
210
311
412
513
614
715
816
917
1018
1119
1220
1321
1422
1523
1624
1725
1826
1927
2028
2129
2230
2331
2432
2533
2634
2735
2836
2937
3038
3139
3240
3341
3442
3543
3644
3745
3846
3947
4048
4149
4250
4351
4452
4553
4654
4755
4856
4957
5058
5159
5260
5361
5462
5563
5664
5765
5866
5967
6068
6169
6270
6371
6472
6573
6674
6775
6876
6977
7078
7179
7280
7381
7482
7583
7684
7785
7886
7987
8088
8189
8290
8391
8492
8593
8694
8795
8896
8997
9098
9199
9300
9401
9502
9603
9704
9805
9906
10007
10008
10009
9908
9807
9706
9605
9504
9403
9302
9201
9100
8999
8898
8797
8696
8595
8494
8393
8292
8191
8090
7989
7888
7787
7686
7585
7484
7383
7282
7181
7080
6979
6878
6777
6676
6575
6474
6373
6272
6171
6070
5969
5868
5767
5666
5565
5464
5363
5262
5161
5060
4959
4858
4757
4656
4555
4454
4353
4252
4151
4050
3949
3848
3747
3646
3545
3444
3343
3242
3141
3040
2939
2838
2737
2636
2535
2434
2333
2232
2131
2030
1929
1828
1727
1626
1525
1424
1323
1222
1121
1020
919
818
717
616
515
414
313
212
111
112
113
214
315
416
517
618
719
820
921
1022
1123
1224
1325
1426
1527
1628
1729
1830
1931
2032
2133
2234
2335
2436
2537
2638
2739
2840
2941
3042
3143
3244
3345
3446
3547
3648
3749
3850
3951
4052
4153
4254
4355
4456
4557
4658
4759
4860
4961
5062
5163
5264
5365
5466
5567
5668
5769
5870
5971
6072
6173
6274
6375
6476
6577
6678
6779
6880
6981
7082
7183
7284
7385
7486
7587
7688
7789
7890
7991
8092
8193
8294
8395
8496
8597
8698
8799
8900
9001
9102
9203
9304
9405
9506
9607
9708
9809
9910
10011
10012
10013
9912
9811
9710
9609
9508
9407
9306
9205
9104
9003
8902
8801
8700
8599
8498
8397
8296
8195
8094
7993
7892
7791
7690
7589
7488
7387
7286
7185
7084
6983
6882
6781
6680
6579
6478
6377
6276
6175
6074
5973
5872
5771
5670
5569
5468
5367
5266
5165
5064
4963
4862
4761
4660
4559
4458
4357
4256
4155
4054
3953
3852
3751
3650
3549
3448
3347
3246
3145
3044
2943
2842
2741
2640
2539
2438
2337
2236
2135
2034
1933
1832
1731
1630
1529
1428
1327
1226
1125
1024
923
822
721
620
519
418
317
216
115
116
117
218
319
420
521
622
723
824
925
1026
1127
1228
1329
1430
1531
1632
1733
1834
1935
2036
2137
2238
2339
2440
2541
2642
2743
2844
2945
3046
3147
3248
3349
3450
3551
3652
3753
3854
3955
4056
4157
4258
4359
4460
4561
4662
4763
4864
4965
5066
5167
5268
5369
5470
5571
5672
5773
5874
5975
6076
6177
6278
6379
6480
6581
6682
6783
6884
6985
7086
7187
7288
7389
7490
7591
7692
7793
7894
7995
8096
8197
8298
8399
8500
8601
8702
8803
8904
9005
9106
9207
9308
9409
9510
9611
9712
9813
9914
10015
10016
10017
9916
9815
9714
9613
9512
9411
9310
9209
9108
9007
8906
8805
8704
8603
8502
8401
8300
8199
8098
7997
7896
7795
7694
7593
7492
7391
7290
7189
7088
6987
6886
6785
6684
6583
6482
6381
6280
6179
6078
5977
5876
5775
5674
5573
5472
5371
5270
5169
5068
4967
4866
4765
4664
4563
4462
4361
4260
4159
4058
3957
3856
3755
3654
3553
3452
3351
3250
3149
3048
2947
2846
2745
2644
2543
2442
2341
2240
2139
2038
1937
1836
1735
1634
1533
1432
1331
1230
1129
1028
927
826
725
624
523
422
321
220
119
120
121
222
323
424
525
626
727
828
929
1030
1131
1232
1333
1434
1535
1636
1737
1838
1939
2040
2141
2242
2343
2444
2545
2646
2747
2848
2949
3050
3151
3252
3353
3454
3555
3656
3757
3858
3959
4060
4161
4262
4363
4464
4565
4666
4767
4868
4969
5070
5171
5272
5373
5474
5575
5676
5777
5878
5979
6080
6181
6282
6383
6484
6585
6686
6787
6888
6989
7090
7191
7292
7393
7494
7595
7696
7797
7898
7999
8100
8201
8302
8403
8504
8605
8706
8807
8908
9009
9110
9211
9312
9413
9514
9615
9716
9817
9918
10019
10020
10021
9920
9819
9718
9617
9516
9415
9314
9213
9112
9011
8910
8809
8708
8607
8506
8405
8304
8203
8102
8001
7900
7799
7698
7597
7496
7395
7294
7193
7092
6991
6890
6789
6688
6587
6486
6385
6284
6183
6082
5981
5880
5779
5678
5577
5476
5375
5274
5173
5072
4971
4870
4769
4668
4567
4466
4365
4264
4163
4062
3961
3860
3759
3658
3557
3456
3355
3254
3153
3052
2951
2850
2749
2648
2547
2446
2345
2244
2143
2042
1941
1840
1739
1638
1537
1436
1335
1234
1133
1032
931
830
729
628
527
426
325
224
123
124
125
226
327
428
529
630
731
832
933
1034
1135
1236
1337
1438
1539
1640
1741
1842
1943
2044
2145
2246
2347
2448
2549
2650
2751
2852
2953
3054
3155
3256
3357
3458
3559
3660
3761
3862
3963
4064
4165
4266
4367
4468
4569
4670
4771
4872
4973
5074
5175
5276
5377
5478
5579
5680
5781
5882
5983
6084
6185
6286
6387
6488
6589
6690
6791
6892
6993
7094
7195
7296
7397
7498
7599
7700
7801
7902
8003
8104
8205
8306
8407
8508
8609
8710
8811
8912
9013
9114
9215
9316
9417
9518
9619
9720
9821
9922
10023
10024
10025
9924
9823
9722
9621
9520
9419
9318
9217
9116
9015
8914
8813
8712
8611
8510
8409
8308
8207
8106
8005
7904
7803
7702
7601
7500
7399
7298
7197
7096
6995
6894
6793
6692
6591
6490
6389
6288
6187
6086
5985
5884
5783
5682
5581
5480
5379
5278
5177
5076
4975
4874
4773
4672
4571
4470
4369
4268
4167
4066
3965
3864
3763
3662
3561
3460
3359
3258
3157
3056
2955
2854
2753
2652
2551
2450
2349
2248
2147
2046
1945
1844
1743
1642
1541
1440
1339
1238
1137
1036
935
834
733
632
531
430
329
228
127
128
129
230
331
432
533
634
735
836
937
1038
1139
1240
1341
1442
1543
1644
1745
1846
1947
2048
2149
2250
2351
2452
2553
2654
2755
2856
2957
3058
3159
3260
3361
3462
3563
3664
3765
3866
3967
4068
4169
4270
4371
4472
4573
4674
4775
4876
4977
5078
5179
5280
5381
5482
5583
5684
5785
5886
5987
6088
6189
6290
6391
6492
6593
6694
6795
6896
6997
7098
7199
7300
7401
7502
7603
7704
7805
7906
8007
8108
8209
8310
8411
8512
8613
8714
8815
8916
9017
9118
9219
9320
9421
9522
9623
9724
9825
9926
10027
10028
10029
9928
9827
9726
9625
9524
9423
9322
9221
9120
9019
8918
8817
8716
8615
8514
8413
8312
8211
8110
8009
7908
7807
7706
7605
7504
7403
7302
7201
7100
6999
6898
6797
6696
6595
6494
6393
6292
6191
6090
5989
5888
5787
5686
5585
5484
5383
5282
5181
5080
4979
4878
4777
4676
4575
4474
4373
4272
4171
4070
3969
3868
3767
3666
3565
3464
3363
3262
3161
3060
2959
2858
2757
2656
2555
2454
2353
2252
2151
2050
1949
1848
1747
1646
1545
1444
1343
1242
1141
1040
939
838
737
636
535
434
333
232
131
132
133
234
335
436
537
638
739
840
941
1042
1143
1244
1345
1446
1547
1648
1749
1850
1951
2052
2153
2254
2355
2456
2557
2658
2759
2860
2961
3062
3163
3264
3365
3466
3567
3668
3769
3870
3971
4072
4173
4274
4375
4476
4577
4678
4779
4880
4981
5082
5183
5284
5385
5486
5587
5688
5789
5890
5991
6092
6193
6294
6395
6496
6597
6698
6799
6900
7001
7102
7203
7304
7405
7506
7607
7708
7809
7910
8011
8112
8213
8314
8415
8516
8617
8718
8819
8920
9021
9122
9223
9324
9425
9526
9627
9728
9829
9930
10031
10032
10033
9932
9831
9730
9629
9528
9427
9326
9225
9124
9023
8922
8821
8720
8619
8518
8417
8316
8215
8114
8013
7912
7811
7710
7609
7508
7407
7306
7205
7104
7003
6902
6801
6700
6599
6498
6397
6296
6195
6094
5993
5892
5791
5690
5589
5488
5387
5286
5185
5084
4983
4882
4781
4680
4579
4478
4377
4276
4175
4074
3973
3872
3771
3670
3569
3468
3367
3266
3165
3064
2963
2862
2761
2660
2559
2458
2357
2256
2155
2054
1953
1852
1751
1650
1549
1448
1347
1246
1145
1044
943
842
741
640
539
438
337
236
135
136
137
238
339
440
541
642
743
844
945
1046
1147
1248
1349
1450
1551
1652
1753
1854
1955
2056
2157
2258
2359
2460
2561
2662
2763
2864
2965
3066
3167
3268
3369
3470
3571
3672
3773
3874
3975
4076
4177
4278
4379
4480
4581
4682
4783
4884
4985
5086
5187
5288
5389
5490
5591
5692
5793
5894
5995
6096
6197
6298
6399
6500
6601
6702
6803
6904
7005
7106
7207
7308
7409
7510
7611
7712
7813
7914
8015
8116
8217
8318
8419
8520
8621
8722
8823
8924
9025
9126
9227
9328
9429
9530
9631
9732
9833
9934
10035
10036
10037
9936
9835
9734
9633
9532
9431
9330
9229
9128
9027
8926
8825
8724
8623
8522
8421
8320
8219
8118
8017
7916
7815
7714
7613
7512
7411
7310
7209
7108
7007
6906
6805
6704
6603
6502
6401
6300
6199
6098
5997
5896
5795
5694
5593
5492
5391
5290
5189
5088
4987
4886
4785
4684
4583
4482
4381
4280
4179
4078
3977
3876
3775
3674
3573
3472
3371
3270
3169
3068
2967
2866
2765
2664
2563
2462
2361
2260
2159
2058
1957
1856
1755
1654
1553
1452
1351
1250
1149
1048
947
846
745
644
543
442
341
240
139
140
141
242
343
444
545
646
747
848
949
1050
1151
1252
1353
1454
1555
1656
1757
1858
1959
2060
2161
2262
2363
2464
2565
2666
2767
2868
2969
3070
3171
3272
3373
3474
3575
3676
3777
3878
3979
4080
4181
4282
4383
4484
4585
4686
4787
4888
4989
5090
5191
5292
5393
5494
5595
5696
5797
5898
5999
6100
6201
6302
6403
6504
6605
6706
6807
6908
7009
7110
7211
7312
7413
7514
7615
7716
7817
7918
8019
8120
8221
8322
8423
8524
8625
8726
8827
8928
9029
9130
9231
9332
9433
9534
9635
9736
9837
9938
10039
10040
10041
9940
9839
9738
9637
9536
9435
9334
9233
9132
9031
8930
8829
8728
8627
8526
8425
8324
8223
8122
8021
7920
7819
7718
7617
7516
7415
7314
7213
7112
7011
6910
6809
6708
6607
6506
6405
6304
6203
6102
6001
5900
5799
5698
5597
5496
5395
5294
5193
5092
4991
4890
4789
4688
4587
4486
4385
4284
4183
4082
3981
3880
3779
3678
3577
3476
3375
3274
3173
3072
2971
2870
2769
2668
2567
2466
2365
2264
2163
2062
1961
1860
1759
1658
1557
1456
1355
1254
1153
1052
951
850
749
648
547
446
345
244
143
144
145
246
347
448
549
650
751
852
953
1054
1155
1256
1357
1458
1559
1660
1761
1862
1963
2064
2165
2266
2367
2468
2569
2670
2771
2872
2973
3074
3175
3276
3377
3478
3579
3680
3781
3882
3983
4084
4185
4286
4387
4488
4589
4690
4791
4892
4993
5094
5195
5296
5397
5498
5599
5700
5801
5902
6003
6104
6205
6306
6407
6508
6609
6710
6811
6912
7013
7114
7215
7316
7417
7518
7619
7720
7821
7922
8023
8124
8225
8326
8427
8528
8629
8730
8831
8932
9033
9134
9235
9336
9437
9538
9639
9740
9841
9942
10043
10044
10045
9944
9843
9742
9641
9540
9439
9338
9237
9136
9035
8934
8833
8732
8631
8530
8429
8328
8227
8126
8025
7924
7823
7722
7621
7520
7419
7318
7217
7116
7015
6914
6813
6712
6611
6510
6409
6308
6207
6106
6005
5904
5803
5702
5601
5500
5399
5298
5197
5096
4995
4894
4793
4692
4591
4490
4389
4288
4187
4086
3985
3884
3783
3682
3581
3480
3379
3278
3177
3076
2975
2874
2773
2672
2571
2470
2369
2268
2167
2066
1965
1864
1763
1662
1561
1460
1359
1258
1157
1056
955
854
753
652
551
450
349
248
147
148
149
250
351
452
553
654
755
856
957
1058
1159
1260
1361
1462
1563
1664
1765
1866
1967
2068
2169
2270
2371
2472
2573
2674
2775
2876
2977
3078
3179
3280
3381
3482
3583
3684
3785
3886
3987
4088
4189
4290
4391
4492
4593
4694
4795
4896
4997
5098
5199
5300
5401
5502
5603
5704
5805
5906
6007
6108
6209
6310
6411
6512
6613
6714
6815
6916
7017
7118
7219
7320
7421
7522
7623
7724
7825
7926
8027
8128
8229
8330
8431
8532
8633
8734
8835
8936
9037
9138
9239
9340
9441
9542
9643
9744
9845
9946
10047
10048
10049
9948
9847
9746
9645
9544
9443
9342
9241
9140
9039
8938
8837
8736
8635
8534
8433
8332
8231
8130
8029
7928
7827
7726
7625
7524
7423
7322
7221
7120
7019
6918
6817
6716
6615
6514
6413
6312
6211
6110
6009
5908
5807
5706
5605
5504
5403
5302
5201
5100
4999
4898
4797
4696
4595
4494
4393
4292
4191
4090
3989
3888
3787
3686
3585
3484
3383
3282
3181
3080
2979
2878
2777
2676
2575
2474
2373
2272
2171
2070
1969
1868
1767
1666
1565
1464
1363
1262
1161
1060
959
858
757
656
555
454
353
252
151
152
153
254
355
456
557
658
759
860
961
1062
1163
1264
1365
1466
1567
1668
1769
1870
1971
2072
2173
2274
2375
2476
2577
2678
2779
2880
2981
3082
3183
3284
3385
3486
3587
3688
3789
3890
3991
4092
4193
4294
4395
4496
4597
4698
4799
4900
5001
5102
5203
5304
5405
5506
5607
5708
5809
5910
6011
6112
6213
6314
6415
6516
6617
6718
6819
6920
7021
7122
7223
7324
7425
7526
7627
7728
7829
7930
8031
8132
8233
8334
8435
8536
8637
8738
8839
8940
9041
9142
9243
9344
9445
9546
9647
9748
9849
9950
10051
10052
10053
9952
9851
9750
9649
9548
9447
9346
9245
9144
9043
8942
8841
8740
8639
8538
8437
8336
8235
8134
8033
7932
7831
7730
7629
7528
7427
7326
7225
7124
7023
6922
6821
6720
6619
6518
6417
6316
6215
6114
6013
5912
5811
5710
5609
5508
5407
5306
5205
5104
5003
4902
4801
4700
4599
4498
4397
4296
4195
4094
3993
3892
3791
3690
3589
3488
3387
3286
3185
3084
2983
2882
2781
2680
2579
2478
2377
2276
2175
2074
1973
1872
1771
1670
1569
1468
1367
1266
1165
1064
963
862
761
660
559
458
357
256
155
156
157
258
359
460
561
662
763
864
965
1066
1167
1268
1369
1470
1571
1672
1773
1874
1975
2076
2177
2278
2379
2480
2581
2682
2783
2884
2985
3086
3187
3288
3389
3490
3591
3692
3793
3894
3995
4096
4197
4298
4399
4500
4601
4702
4803
4904
5005
5106
5207
5308
5409
5510
5611
5712
5813
5914
6015
6116
6217
6318
6419
6520
6621
6722
6823
6924
7025
7126
7227
7328
7429
7530
7631
7732
7833
7934
8035
8136
8237
8338
8439
8540
8641
8742
8843
8944
9045
9146
9247
9348
9449
9550
9651
9752
9853
9954
10055
10056
10057
9956
9855
9754
9653
9552
9451
9350
9249
9148
9047
8946
8845
8744
8643
8542
8441
8340
8239
8138
8037
7936
7835
7734
7633
7532
7431
7330
7229
7128
7027
6926
6825
6724
6623
6522
6421
6320
6219
6118
6017
5916
5815
5714
5613
5512
5411
5310
5209
5108
5007
4906
4805
4704
4603
4502
4401
4300
4199
4098
3997
3896
3795
3694
3593
3492
3391
3290
3189
3088
2987
2886
2785
2684
2583
2482
2381
2280
2179
2078
1977
1876
1775
1674
1573
1472
1371
1270
1169
1068
967
866
765
664
563
462
361
260
159
160
161
262
363
464
565
666
767
868
969
1070
1171
1272
1373
1474
1575
1676
1777
1878
1979
2080
2181
2282
2383
2484
2585
2686
2787
2888
2989
3090
3191
3292
3393
3494
3595
3696
3797
3898
3999
4100
4201
4302
4403
4504
4605
4706
4807
4908
5009
5110
5211
5312
5413
5514
5615
5716
5817
5918
6019
6120
6221
6322
6423
6524
6625
6726
6827
6928
7029
7130
7231
7332
7433
7534
7635
7736
7837
7938
8039
8140
8241
8342
8443
8544
8645
8746
8847
8948
9049
9150
9251
9352
9453
9554
9655
9756
9857
9958
10059
10060
10061
9960
9859
9758
9657
9556
9455
9354
9253
9152
9051
8950
8849
8748
8647
8546
8445
8344
8243
8142
8041
7940
7839
7738
7637
7536
7435
7334
7233
7132
7031
6930
6829
6728
6627
6526
6425
6324
6223
6122
6021
5920
5819
5718
5617
5516
5415
5314
5213
5112
5011
4910
4809
4708
4607
4506
4405
4304
4203
4102
4001
3900
3799
3698
3597
3496
3395
3294
3193
3092
2991
2890
2789
2688
2587
2486
2385
2284
2183
2082
1981
1880
1779
1678
1577
1476
1375
1274
1173
1072
971
870
769
668
567
466
365
264
163
164
165
266
367
468
569
670
771
872
973
1074
1175
1276
1377
1478
1579
1680
1781
1882
1983
2084
2185
2286
2387
2488
2589
2690
2791
2892
2993
3094
3195
3296
3397
3498
3599
3700
3801
3902
4003
4104
4205
4306
4407
4508
4609
4710
4811
4912
5013
5114
5215
5316
5417
5518
5619
5720
5821
5922
6023
6124
6225
6326
6427
6528
6629
6730
6831
6932
7033
7134
7235
7336
7437
7538
7639
7740
7841
7942
8043
8144
8245
8346
8447
8548
8649
8750
8851
8952
9053
9154
9255
9356
9457
9558
9659
9760
9861
9962
10063
10064
10065
9964
9863
9762
9661
9560
9459
9358
9257
9156
9055
8954
8853
8752
8651
8550
8449
8348
8247
8146
8045
7944
7843
7742
7641
7540
7439
7338
7237
7136
7035
6934
6833
6732
6631
6530
6429
6328
6227
6126
6025
5924
5823
5722
5621
5520
5419
5318
5217
5116
5015
4914
4813
4712
4611
4510
4409
4308
4207
4106
4005
3904
3803
3702
3601
3500
3399
3298
3197
3096
2995
2894
2793
2692
2591
2490
2389
2288
2187
2086
1985
1884
1783
1682
1581
1480
1379
1278
1177
1076
975
874
773
672
571
470
369
268
167
168
169
270
371
472
573
674
775
876
977
1078
1179
1280
1381
1482
1583
1684
1785
1886
1987
2088
2189
2290
2391
2492
2593
2694
2795
2896
2997
3098
3199
3300
3401
3502
3603
3704
3805
3906
4007
4108
4209
4310
4411
4512
4613
4714
4815
4916
5017
5118
5219
5320
5421
5522
5623
5724
5825
5926
6027
6128
6229
6330
6431
6532
6633
6734
6835
6936
7037
7138
7239
7340
7441
7542
7643
7744
7845
7946
